21
460835978753503578226215883073872246385764472086797082873203188542544616448248343576
26494272942318589069480525788592273303839335703403521573912286394960106973
4874581448301122336922268895532800198289478061460705444533362455679490302313612384437870442661399928780266855508500626326652774489500305984505967
84885164052257330097714121751630835360966663883732297726369399
61164766314391710035884829815943265224568052927769577329622759945237346639032672167677108820397521093126336764093707189513015791230614183821533954756601790054548991800671186110593262317807192235925106064
83428786095010233039452893451168885358856822423517291331018551725755973092961397681432523209335078083037082049842613293369652888469867204072869026512035048078160170454915915213979475203909274364258193729858
521401368331405065117389673092721167865606665536905240054000465695003287479466298469643896877133715080215034906732232054782240651067620552450
1892247019390521442608211077147886839616506438992322504018876947992022613217501281456451614651
4660046610375530309
433494437
8269366108663463411004717981412027167937978847386801205243459016220834185059487057696
87571595343018854458033386304178158174356588264390370
190392490709135
29529908689737440719341867053506936071765074245955118399664162441967250186097733500962925
701408733
2143402371193585144275731144820024112622791843221056597232
137347080577163115432025771710279131845700275212767467264610201
66157645150735582613503190798560688609301038580805243102736255965940878567193080680986437663124776762497323258851581081253588382923096
50794020986236374193362973697754250446611291175910555094791960427864441041463200044002536002789749929513508962276729256865734980230729987620951013804187580484148285
38417531812025630665094028598090344029044802841696113893730574457410717938161522697424038494797764849584171205410359367401804839153141953240917001738093
757791618667731139247631372100066