30
129014 -7774919 -1964008
9592772 4062840 1909197
2615097 6545296 3161776
3241468 -9800199 -1047034
-964117 -8861825 4770389
437947 -8076553 -1042555
-155005 6340210 9774579
365310 9689718 -1922503
-927084 -1923793 6905603
-7918334 -7471282 -4191817
-9218803 2657732 -1966736
-1182812 2250505 -7903895
-9273614 -5134398 8641400
3888162 8107070 8841200
-7158872 -2857046 9979375
7611517 7580900 -8097178
-3431038 -2574105 8243032
-3656459 7791205 7932750
4421038 -3135878 -3991042
1326641 -1054213 -1462324
7134824 -273017 -8804592
-4831911 8544171 3445912
-2735807 9270556 8311514
-4094407 3158718 6418585
-5253206 5999846 -6438461
-5273830 3611363 -8857561
-3371009 -9819674 -1431666
-5127977 -3476134 -3640461
-7195226 -9055095 3223661
-1186269 2271545 -7830552